3.941516160964966
2.3231945037841797
2.1927809715270996
2.1603891849517822
14.02178692817688
15.157802820205688
2.278264045715332
17.204845905303955
15.881247758865356
1.2611372470855713
1.032900333404541
5.245510578155518
16.537912845611572
2.9584290981292725
2.2273364067077637
2.022906541824341
1.4653239250183105
2.488064765930176
0.9275178909301758
22.328630924224854
2.9371042251586914
2.442826509475708
2.0898659229278564
0.9191997051239014
26.837505340576172
17.309743404388428
2.3942556381225586
2.1881814002990723
1.5902538299560547
22.980792760849
2.9626271724700928
2.1542999744415283
1.2595651149749756
1.7444143295288086
1.2078771591186523
3.3167378902435303
5.889586687088013
1.3473610877990723
2.4105350971221924
2.1654319763183594
1.5915954113006592
3.298374652862549
2.7345404624938965
1.240473747253418
2.0248467922210693
2.2033157348632812
2.1886959075927734
1.9408648014068604
2.4902706146240234
1.4230005741119385
2.145176649093628
1.7731196880340576
1.4045140743255615
1.16459321975708
1.4290475845336914
2.517388343811035
0.9804432392120361
1.5645289421081543
2.92885684967041
2.1215932369232178
2.16888165473938
1.165797472000122
2.206263542175293
2.0120787620544434
2.4334709644317627
0.8734550476074219
2.6687023639678955
3.043766736984253
1.020247220993042
1.5052902698516846
2.707789897918701
0.9820654392242432
2.423849105834961
1.313504695892334
0.7975485324859619
1.0519952774047852
1.145611047744751
2.2782695293426514
1.3965473175048828
2.624802350997925
1.9152960777282715
1.8075547218322754
1.5760107040405273
1.1668353080749512
2.001769781112671
1.1696088314056396
2.480909585952759
2.3037469387054443
1.1141695976257324
2.629655361175537
1.4481532573699951
2.171503782272339
2.6187918186187744
2.1828391551971436
2.334327220916748
2.0734081268310547
1.2749366760253906
1.716024398803711
2.7286112308502197
1.4722492694854736
1.4382684230804443
2.609018087387085
2.043181896209717
1.2115776538848877
2.208051919937134
1.4807982444763184
3.1603996753692627
1.3655788898468018
2.1862952709198
1.1263961791992188
2.190707206726074
2.3382368087768555
3.2661614418029785
1.267829418182373
2.0954320430755615
1.9658277034759521
2.144747018814087
1.2342326641082764
2.749046564102173
2.0985312461853027
1.2879598140716553
1.2871873378753662
1.5698339939117432
2.660637855529785
1.1932427883148193
2.1575021743774414
1.2584528923034668
1.8746991157531738
2.0904414653778076
2.498520612716675
1.2761468887329102
1.2277867794036865
2.864546775817871
2.0465588569641113
0.977158784866333
2.1513900756835938
2.008749008178711
1.3939080238342285
2.2653756141662598
2.568565845489502
2.537271499633789
1.9457194805145264
1.23056960105896
1.6241793632507324
1.4461407661437988
1.342736005783081
1.4642126560211182
2.0550835132598877
2.428663730621338
2.3557682037353516
16.667156219482422
3.0672190189361572
1.1369624137878418
1.9250333309173584
1.445826530456543
1.786675214767456
1.0783836841583252
2.559955596923828
17.3207049369812
2.691542863845825
23.482370376586914
2.4714841842651367
3.637744188308716
1.7222204208374023
1.9759316444396973
1.8779397010803223
1.5230324268341064
0.9124014377593994
2.390799045562744
2.2017695903778076
2.77690052986145
1.0779876708984375
1.9438354969024658
2.6497929096221924
2.11689829826355
1.4386482238769531
1.63533616065979
2.3802237510681152
1.345266342163086
2.615044355392456
2.329874038696289
1.5785818099975586
1.0808906555175781
1.4438652992248535
1.204632043838501
1.1729693412780762
1.983116626739502
1.720465898513794
2.6079914569854736
2.7354319095611572
2.0584676265716553
1.5027799606323242
1.1657030582427979
2.7627201080322266
2.30814790725708
1.6383535861968994
1.5883417129516602
1.698195219039917
0.9300069808959961
2.771951913833618
1.456345796585083
1.141162395477295
2.1533353328704834
2.1736810207366943
3.0761325359344482
14.76067328453064
2.8867924213409424
1.4123313426971436
1.969834327697754
2.151825189590454
2.004911422729492
1.9769258499145508
0.8352141380310059
0.972562313079834
1.3772344589233398
2.3297271728515625
1.0343694686889648
2.550776720046997
2.0860564708709717
2.2682502269744873
2.556385040283203
21.426771879196167
1.5957975387573242
4.381466627120972
0.9542510509490967
0.9029481410980225
1.3584482669830322
2.628129482269287
1.373692274093628
2.0615410804748535
2.5976076126098633
18.06574296951294
0.9459018707275391
2.2889902591705322
1.6234142780303955
2.688782215118408
2.647725820541382
2.538477897644043
1.384913682937622
0.794269323348999
3.578988552093506
1.7315237522125244
1.4792845249176025
3.108461380004883
0.8285627365112305
2.339195728302002
2.176788568496704
2.401599168777466
1.0123891830444336
2.2421369552612305
1.5989007949829102
1.4261229038238525
2.520197868347168
2.2962403297424316
2.9352407455444336
1.3255689144134521
2.712400436401367
1.6299607753753662
1.5620453357696533
2.68007755279541
1.7208189964294434
2.76979923248291
1.641521692276001
2.3996732234954834
3.1700265407562256
2.578930139541626
1.3938663005828857
2.078626871109009
1.743006706237793
1.5703771114349365
1.638460397720337
1.0537419319152832
1.2109894752502441
1.342618465423584
2.1111199855804443
1.4917256832122803
2.367964744567871
2.357877731323242
2.221741199493408
2.345919132232666
2.5501973628997803
2.7343316078186035
1.901357889175415
2.632418394088745
2.131282329559326
2.4640963077545166
1.7168352603912354
1.4838979244232178
1.2960577011108398
2.237590789794922
2.1067519187927246
0.8587419986724854
2.2335050106048584
1.389406442642212
2.142561912536621
1.7553906440734863
0.8193061351776123
2.3402223587036133
1.4819996356964111
1.1787705421447754
1.3744382858276367
1.187734603881836
1.2123939990997314
16.40745973587036
1.8018174171447754
2.968574285507202
2.6707704067230225
22.70132350921631
2.6112539768218994
2.4212043285369873
0.9933264255523682
1.4293153285980225
1.3930821418762207
3.406930446624756
2.3492836952209473
1.2921898365020752
1.1892666816711426
1.3239073753356934
1.2213730812072754
1.209350347518921
1.2335169315338135
2.2628889083862305
0.8613464832305908
0.984938383102417
1.7249641418457031
1.7567346096038818
1.7496211528778076
1.9788649082183838
1.757187843322754
3.0637519359588623
2.3794102668762207
2.769315719604492
2.023287057876587
1.2398383617401123
2.4052894115448
1.387361764907837
1.07362699508667
2.5410289764404297
1.542186975479126
2.499501943588257
3.185851812362671
2.170538902282715
2.5421643257141113
3.1503751277923584
1.2701849937438965
1.227900743484497
2.7292163372039795
1.298034429550171
2.6975488662719727
2.653296947479248
1.4176568984985352
5.126864671707153
1.984116792678833
27.484670639038086
1.9580681324005127
23.161328554153442
24.07485294342041
1.3517403602600098
1.7010223865509033
1.4002292156219482
1.7165632247924805
1.6973168849945068
1.5068483352661133
2.617020845413208
1.6289350986480713
2.4426088333129883
2.302905321121216
1.238997459411621
1.7188615798950195
2.8821561336517334
2.2007999420166016
1.925485372543335
2.6382486820220947
2.578524112701416
2.364783763885498
0.8239710330963135
1.2926232814788818
2.1760470867156982
1.9814891815185547
2.3836350440979004
2.6699025630950928
1.6851325035095215
1.0077831745147705
2.255784273147583
14.491713047027588
2.4682016372680664
1.6415066719055176
3.1128761768341064
0.8030571937561035
4.058087110519409
1.9951322078704834
2.0248565673828125
2.4488751888275146
2.9696204662323
22.306228637695312
1.0489094257354736
1.1641857624053955
2.1734509468078613
1.2851743698120117
1.6202881336212158
2.729933738708496
1.8126647472381592
0.840489387512207
1.3106911182403564
1.4918005466461182
1.3621783256530762
3.084829092025757
0.9978303909301758
1.3122541904449463
2.38515567779541
1.8047235012054443
2.4340920448303223
2.3049840927124023
1.1750667095184326
1.6064693927764893
2.3706648349761963
1.6705739498138428
1.8495490550994873
1.1138324737548828
2.7742319107055664
2.2131335735321045
0.8047184944152832
2.6736197471618652
3.305306911468506
2.9337189197540283
1.3047525882720947
1.33534836769104
1.5901782512664795
2.4880499839782715
2.366431474685669
2.2981724739074707
2.406184196472168
2.4380581378936768
2.4819347858428955
1.993037462234497
3.530243158340454
1.0821101665496826
2.6275641918182373
2.169318914413452
2.49226450920105
1.0214629173278809
1.5383522510528564
1.3654279708862305
1.5466725826263428
2.0842020511627197
2.6959228515625
2.4397165775299072
1.665839672088623
1.054276466369629
2.1292309761047363
0.8180928230285645
2.2533740997314453
1.6613612174987793
2.4190244674682617
1.6756627559661865
1.3869073390960693
1.0040943622589111
2.3011651039123535
2.7148332595825195
1.463902473449707
2.542236566543579
2.3706464767456055
1.1698431968688965
1.4093382358551025
1.2837722301483154
2.3011443614959717
1.5141932964324951
2.995438814163208
2.450789451599121
2.2895703315734863
2.295872211456299
2.391835927963257
1.599440336227417
2.12345552444458
2.678449869155884
2.438188314437866
2.054314613342285
0.8804948329925537
1.3388872146606445
2.009113311767578
1.2570273876190186
1.073427677154541
2.471599578857422
2.3549981117248535
1.237894058227539
1.5173397064208984
1.5023634433746338
2.0710792541503906
2.636077642440796
17.856043577194214
1.8650729656219482
2.2697718143463135
1.1028900146484375
1.4993443489074707
1.1599678993225098
3.54715895652771
2.0398945808410645
1.6672823429107666
1.496824026107788
1.9050278663635254
2.720041036605835
1.1286633014678955
1.121861457824707
2.7123470306396484
1.0357224941253662
1.2322218418121338
1.4752905368804932
2.373420476913452
1.2044150829315186
1.7983012199401855
1.1717884540557861
1.0342907905578613
15.754484415054321
16.01834011077881
1.7376759052276611
2.042410373687744
2.1405322551727295
19.475688219070435
1.0148608684539795
2.4263617992401123
23.39694380760193
2.166879653930664
1.953650951385498
2.5386457443237305
2.291680097579956
1.948375940322876
1.1740999221801758
1.303041696548462
2.695866823196411
0.7937595844268799
1.0277178287506104
1.3021864891052246
2.243250846862793
2.455294132232666
2.412534475326538
1.4085829257965088
1.1739561557769775
0.7982625961303711
1.2537517547607422
0.8912694454193115
1.3859584331512451
1.3533289432525635
1.257969856262207
1.5931847095489502
1.4908006191253662
0.8230633735656738
2.0563549995422363
1.8111381530761719
2.344721555709839
2.1803338527679443
1.7054617404937744
1.2297327518463135
3.702749252319336
