3.8369717597961426
2.5702908039093018
4.061875820159912
3.3729171752929688
4.51091742515564
2.043200731277466
4.4586098194122314
3.2914211750030518
3.522019386291504
2.872276544570923
1.9315564632415771
3.876494884490967
3.147886037826538
2.079054594039917
4.998378276824951
3.116034746170044
3.956012010574341
2.2152233123779297
4.346091032028198
2.6048502922058105
3.830691337585449
2.7821297645568848
3.845066785812378
3.8025805950164795
2.6253480911254883
3.7284116744995117
3.7854275703430176
3.428886890411377
3.240467071533203
2.4629151821136475
1.673393726348877
3.760768175125122
3.4661993980407715
1.9858105182647705
3.929767370223999
3.2555129528045654
2.6874141693115234
2.9230294227600098
3.1534736156463623
3.1252098083496094
3.1030349731445312
4.432722568511963
3.597222089767456
3.5753512382507324
3.0861148834228516
4.22981595993042
2.1421315670013428
1.6766877174377441
3.8357858657836914
2.1582419872283936
3.5467031002044678
4.583722114562988
4.133587598800659
3.4812276363372803
2.0826821327209473
3.881376266479492
3.5988781452178955
4.391597747802734
3.235093593597412
4.012979745864868
4.65310263633728
2.2987513542175293
1.812561273574829
4.009123802185059
4.081204175949097
3.6114559173583984
3.3861947059631348
4.087063789367676
2.8013386726379395
3.9233546257019043
4.4695820808410645
3.343400478363037
3.4647514820098877
1.80357027053833
3.3539962768554688
3.2813243865966797
4.606561899185181
3.282580614089966
2.988968849182129
3.7255406379699707
2.438308000564575
3.7538812160491943
3.0240139961242676
2.8886642456054688
4.939969778060913
5.050264120101929
3.4992563724517822
2.555941104888916
3.465984582901001
3.4491488933563232
1.961308240890503
3.4403390884399414
3.174771785736084
3.4845151901245117
4.22147274017334
3.2817368507385254
3.2341039180755615
4.596806764602661
3.5991127490997314
2.1540608406066895
3.7461206912994385
3.6861371994018555
1.8743367195129395
3.645000696182251
2.8753976821899414
3.775827169418335
3.1460580825805664
3.5263078212738037
4.082043886184692
2.0120162963867188
3.0021395683288574
3.7878661155700684
3.840036630630493
2.484445095062256
3.7798919677734375
3.5528292655944824
3.2555065155029297
3.527818441390991
3.7901268005371094
2.501887559890747
4.701497316360474
3.7495996952056885
2.9913434982299805
2.9049761295318604
3.1953887939453125
4.456702470779419
3.188490629196167
3.7392055988311768
2.7446951866149902
3.882676601409912
5.344462871551514
2.8315653800964355
3.6873226165771484
4.418061971664429
3.1811230182647705
3.5965640544891357
4.737612962722778
4.528581619262695
4.986946105957031
3.101857900619507
2.892331600189209
4.562980890274048
3.5687429904937744
3.289400339126587
3.4681830406188965
3.2607851028442383
5.208724498748779
3.0777106285095215
3.684467077255249
3.882782220840454
2.2584950923919678
2.1991848945617676
5.074909925460815
3.575721502304077
3.4673049449920654
2.037198781967163
3.745162010192871
3.008277416229248
2.3686325550079346
2.0281970500946045
4.256509780883789
3.4249539375305176
2.5935912132263184
3.454393148422241
1.8635144233703613
3.859113931655884
2.4996182918548584
4.4171202182769775
2.531381368637085
4.597065210342407
3.0550312995910645
3.0898447036743164
1.9821932315826416
3.2910773754119873
4.6637609004974365
3.4236409664154053
2.525251626968384
2.2867560386657715
3.1848092079162598
3.6293158531188965
2.690884828567505
3.7608344554901123
1.52778959274292
4.584056377410889
4.474386930465698
3.673304557800293
2.252408027648926
2.7619733810424805
2.2291419506073
3.95330548286438
1.9513053894042969
2.979177951812744
2.7196314334869385
3.5827105045318604
4.777063608169556
2.4889113903045654
2.5934207439422607
4.192171812057495
3.3533010482788086
1.8943510055541992
3.4464664459228516
3.6462526321411133
1.6386821269989014
3.6285295486450195
2.3743386268615723
3.487170934677124
3.8608956336975098
1.9979946613311768
1.9917175769805908
4.619636297225952
2.986764907836914
3.338637590408325
2.4966299533843994
4.133648872375488
2.5890183448791504
3.4517393112182617
4.194833278656006
3.3030030727386475
3.2793145179748535
3.894927501678467
3.707735538482666
3.9716098308563232
3.24404239654541
4.651796340942383
3.571058988571167
3.255051374435425
1.901850700378418
4.916764974594116
3.57989501953125
3.6017346382141113
3.2205638885498047
3.6075923442840576
3.593414306640625
2.132044553756714
3.938169240951538
4.050613641738892
4.324056625366211
4.597805976867676
1.6995651721954346
2.273535966873169
3.833500385284424
2.8364484310150146
4.266266584396362
4.350833892822266
3.650669813156128
2.90303111076355
4.06894326210022
3.694455862045288
2.8808176517486572
2.095372438430786
4.134282112121582
4.156432867050171
4.087322950363159
3.0973310470581055
4.294801473617554
2.398277759552002
2.4882290363311768
2.6613125801086426
4.4365363121032715
2.4972341060638428
2.2173328399658203
3.9112021923065186
4.427429437637329
3.547504425048828
3.520956516265869
3.6600022315979004
3.5989363193511963
4.055473327636719
2.7598628997802734
3.442950963973999
2.8067545890808105
3.336430788040161
2.747368097305298
3.7962474822998047
3.623734474182129
3.7903482913970947
3.6934189796447754
3.972348213195801
3.921576738357544
3.2653820514678955
2.495495557785034
3.880187749862671
2.0436205863952637
1.9954288005828857
2.3614907264709473
3.147803783416748
3.7946689128875732
3.4678525924682617
3.792158603668213
2.2603414058685303
3.3456437587738037
4.292415142059326
3.3485465049743652
2.837677478790283
4.242461681365967
3.0597758293151855
1.631052017211914
3.4213461875915527
2.6760361194610596
5.198306083679199
2.252326250076294
2.6407647132873535
2.267890214920044
2.1770119667053223
4.216164827346802
3.847301483154297
3.1559255123138428
3.5901710987091064
3.778214454650879
2.1088180541992188
3.7478601932525635
2.404789686203003
3.7623257637023926
2.7304189205169678
3.3969452381134033
3.6317639350891113
3.809123992919922
2.1367101669311523
3.7302517890930176
2.5393545627593994
4.533042907714844
2.41694974899292
3.5070509910583496
3.433638572692871
5.054278612136841
30.032451152801514
30.04677987098694
30.059556484222412
30.03059148788452
30.050819635391235
30.055867671966553
30.057074308395386
30.022660732269287
30.051669120788574
30.05123496055603
30.04746723175049
30.0540931224823
30.04854679107666
30.05960750579834
30.050889492034912
30.05127739906311
30.05477738380432
30.05627989768982
30.046783447265625
30.055060386657715
30.051409244537354
30.048816919326782
30.056978225708008
30.044628858566284
30.047771453857422
30.04718017578125
30.049489498138428
30.052379608154297
30.05056595802307
30.050305128097534
30.04886507987976
30.044756650924683
30.047366857528687
30.041084051132202
30.056145429611206
30.056490898132324
30.05012607574463
30.04713749885559
30.05757474899292
30.058392763137817
30.052077293395996
30.042957544326782
30.05160093307495
30.053366899490356
30.05050539970398
30.053375959396362
30.052496910095215
30.036797761917114
30.044524431228638
30.050700902938843
30.043721675872803
30.0509295463562
30.05248236656189
30.046767711639404
30.04967999458313
30.048349380493164
30.058852672576904
30.0502347946167
30.051559925079346
30.04633593559265
30.05577850341797
30.045732259750366
30.046841382980347
30.05208730697632
30.04646325111389
30.04983425140381
30.05031442642212
30.04466938972473
222.50428104400635
244.0059142112732
232.85452842712402
244.95930314064026
243.51897740364075
228.83575892448425
223.87770986557007
163.0860333442688
246.21946454048157
237.77776503562927
200.65558004379272
251.27116298675537
229.55024361610413
246.09705638885498
235.12132334709167
252.01666235923767
247.17681455612183
243.6564223766327
252.27793622016907
243.91120982170105
216.33834886550903
244.01736855506897
254.11354780197144
251.26890802383423
204.30664896965027
176.32432985305786
219.21488499641418
183.55742192268372
253.17573595046997
251.70707511901855
235.3859143257141
202.34157299995422
207.11521935462952
189.2646496295929
201.04205060005188
211.33541870117188
199.40834760665894
162.56050395965576
196.308167219162
231.41020584106445
191.1858401298523
194.79768300056458
214.23134565353394
251.508868932724
167.94502663612366
169.6541783809662
183.84995007514954
187.78088641166687
185.4417028427124
198.9157211780548
145.38320398330688
170.0568974018097
204.07836747169495
215.9830150604248
235.83651471138
204.34143614768982
251.34955883026123
156.28474020957947
134.11406326293945
188.40495467185974
164.22727417945862
211.97285342216492
200.70741200447083
163.00582885742188
151.1995940208435
241.68278551101685
139.94853401184082
160.72265577316284
168.88809204101562
134.7172293663025
146.96376252174377
230.60784435272217
160.33032894134521
136.55581426620483
157.94921898841858
174.0496768951416
236.94784498214722
190.45775055885315
157.564133644104
145.4974946975708
109.32643699645996
214.04129695892334
126.35423064231873
125.71046376228333
151.80042815208435
157.11447262763977
171.6085021495819
161.93992114067078
163.22214651107788
186.83119773864746
183.64090943336487
134.34075212478638
124.93107843399048
148.04879999160767
190.57246589660645
123.77839660644531
156.70116806030273
151.12102150917053
248.55555748939514
140.730459690094
119.00079131126404
123.35664749145508
208.01558017730713
170.3815734386444
115.02363848686218
180.18015265464783
129.5865921974182
153.73751974105835
154.5193591117859
154.75057196617126
154.79226541519165
160.72464275360107
118.41751742362976
245.0152177810669
119.56032967567444
1.0760078430175781
247.56225991249084
121.54885053634644
176.66614174842834
126.49174857139587
146.69454312324524
150.99791049957275
124.12010431289673
107.63835334777832
202.83400917053223
210.87337613105774
205.04521918296814
136.53428745269775
178.13334798812866
244.50370621681213
146.9883632659912
144.3195960521698
114.68941688537598
179.79165935516357
121.35789561271667
122.7050428390503
217.94917798042297
1.0280523300170898
1.0382652282714844
15.268362760543823
7.21256947517395
1.032273292541504
15.372164249420166
30.04723572731018
15.50879192352295
0.015608549118041992
7.141996145248413
7.1233978271484375
30.046182870864868
0.015024185180664062
7.090288162231445
30.055965185165405
30.044456481933594
30.049400806427002
15.450992107391357
7.244882822036743
15.361776113510132
30.052205562591553
0.014595746994018555
0.014832019805908203
0.014994382858276367
0.014661073684692383
15.258869886398315
15.363303184509277
30.047120332717896
30.046080112457275
30.050270080566406
0.016155481338500977
30.044867277145386
30.046795129776
30.049410343170166
30.045748710632324
30.04512643814087
30.05169653892517
0.018489837646484375
0.017307758331298828
30.047520875930786
0.02601027488708496
0.016145944595336914
0.015619993209838867
0.015503644943237305
0.018086910247802734
0.017756938934326172
0.01770782470703125
0.01654338836669922
0.029231786727905273
0.028768539428710938
0.02835536003112793
0.028836965560913086
0.028492212295532227
0.028084993362426758
0.015750408172607422
0.027986526489257812
0.029747724533081055
0.029650211334228516
0.029390811920166016
0.024889707565307617
0.029551267623901367
0.016935348510742188
0.015060663223266602
0.015492439270019531
0.015337467193603516
0.017954111099243164
0.01776576042175293
0.015569210052490234
0.01495361328125
0.021495342254638672
0.021587133407592773
0.015498876571655273
0.01653766632080078
0.01904010772705078
0.01879262924194336
0.023732900619506836
0.017014265060424805
0.018419265747070312
0.029781818389892578
0.01818537712097168
0.01661539077758789
0.015385866165161133
0.016302824020385742
0.016349077224731445
0.01560354232788086
0.027597904205322266
0.025402307510375977
0.029317617416381836
0.019867658615112305
0.018090009689331055
0.015042543411254883
0.018698930740356445
0.012859344482421875
0.0160672664642334
0.01651930809020996
0.015269279479980469
0.012931585311889648
0.015620708465576172
0.018394947052001953
0.027297019958496094
0.01668381690979004
0.01699090003967285
0.016909122467041016
0.029680967330932617
0.029670238494873047
0.016312360763549805
0.027001380920410156
0.02475762367248535
0.029311656951904297
0.026515483856201172
0.028907060623168945
0.02971625328063965
0.021398067474365234
0.029300212860107422
0.029038190841674805
0.019448280334472656
0.02001953125
0.01917886734008789
0.018955230712890625
0.017405986785888672
0.019744157791137695
0.019655704498291016
0.01642632484436035
0.030310630798339844
0.0183565616607666
0.016218900680541992
0.01809096336364746
0.016914844512939453
0.01675128936767578
0.01709461212158203
0.02998518943786621
0.029443025588989258
0.02687358856201172
0.018647432327270508
0.01757192611694336
0.017449140548706055
0.029404401779174805
0.017049074172973633
0.017914295196533203
0.029431581497192383
0.029520034790039062
0.02962183952331543
0.028959274291992188
0.0274202823638916
0.01810479164123535
0.029638290405273438
0.02957773208618164
0.025256633758544922
0.029873371124267578
0.029965877532958984
0.027281761169433594
0.029511690139770508
0.022292613983154297
0.03024005889892578
0.02484440803527832
0.029522180557250977
0.025262117385864258
0.029399394989013672
0.024828195571899414
0.022939682006835938
0.029836177825927734
0.02999091148376465
0.026029348373413086
0.021631717681884766
0.01620197296142578
0.01159358024597168
0.021999597549438477
0.02783942222595215
0.027643442153930664
0.01546335220336914
0.022472143173217773
0.022045373916625977
0.015073299407958984
0.02240753173828125
0.021158933639526367
0.021636962890625
0.017193078994750977
0.020671606063842773
0.016683340072631836
0.0164947509765625
0.015001296997070312
0.016778230667114258
0.016841650009155273
0.01684737205505371
0.016695022583007812
0.01623225212097168
0.01637864112854004
0.015252351760864258
0.016427993774414062
0.016614198684692383
0.027747154235839844
0.01636362075805664
0.01229095458984375
0.012584447860717773
0.015145540237426758
0.012339591979980469
0.013371944427490234
0.012415885925292969
0.012191057205200195
0.012073278427124023
0.0167386531829834
0.016538619995117188
0.01601123809814453
0.016240358352661133
0.012512683868408203
0.016304969787597656
0.017380714416503906
0.028192520141601562
0.02766251564025879
0.028540849685668945
0.028534650802612305
0.028948068618774414
0.02944779396057129
0.02546548843383789
0.0164947509765625
0.028817415237426758
0.02887868881225586
0.015313386917114258
0.014667749404907227
0.015036821365356445
0.011320352554321289
0.028910398483276367
0.02544546127319336
0.028200864791870117
0.015206575393676758
0.017299175262451172
0.029914379119873047
0.028683185577392578
0.029314041137695312
0.016658782958984375
0.02939629554748535
0.027677059173583984
0.02940821647644043
0.028880596160888672
0.02893853187561035
0.029168128967285156
0.02829909324645996
0.02832937240600586
0.02552032470703125
0.021113872528076172
0.016179561614990234
0.030406713485717773
0.029210329055786133
0.015143871307373047
0.028621673583984375
0.016620635986328125
0.016481637954711914
0.0290224552154541
0.01791834831237793
0.02972555160522461
0.029533863067626953
0.015959978103637695
0.017244338989257812
0.016550540924072266
0.029759645462036133
0.0185549259185791
0.02958989143371582
0.02945733070373535
0.0283963680267334
0.01837468147277832
0.016422033309936523
0.015895366668701172
0.023293018341064453
0.023952960968017578
0.028352975845336914
0.014703750610351562
0.019962549209594727
0.029241085052490234
0.016019344329833984
0.019208192825317383
0.02610468864440918
0.017519474029541016
0.019095420837402344
0.01742267608642578
0.016597747802734375
0.019757509231567383
0.01714468002319336
0.020665645599365234
0.016193866729736328
0.01629042625427246
0.021770000457763672
0.016741514205932617
0.016957521438598633
0.017632722854614258
0.015918254852294922
0.017922639846801758
0.017601966857910156
0.017943859100341797
0.020826101303100586
0.01572704315185547
0.01510930061340332
0.022040128707885742
0.020056486129760742
0.016024112701416016
0.015501260757446289
0.016730070114135742
0.016267776489257812
0.015242815017700195
0.014465093612670898
0.01591324806213379
0.021514892578125
0.017198801040649414
0.02126145362854004
0.016475200653076172
0.01691603660583496
0.01958775520324707
0.020939350128173828
0.015726804733276367
0.019593238830566406
0.01574420928955078
0.01778388023376465
0.02017045021057129
0.02046060562133789
0.019109010696411133
0.01588892936706543
0.020218849182128906
0.019850969314575195
0.02013874053955078
0.021811246871948242
0.015581369400024414
0.018382787704467773
0.020883798599243164
0.021595478057861328
0.016120433807373047
0.02182483673095703
0.016749143600463867
0.014360666275024414
0.02957749366760254
0.01549673080444336
0.016530275344848633
0.016068458557128906
0.020088672637939453
0.016549348831176758
0.01714801788330078
0.015322685241699219
0.017821311950683594
0.019075870513916016
0.015466928482055664
0.016579151153564453
0.015489578247070312
0.03460836410522461
0.028157949447631836
0.02843451499938965
0.02291703224182129
0.015709638595581055
0.028940439224243164
0.029024362564086914
0.01670050621032715
0.02957320213317871
0.02894759178161621
0.029137611389160156
0.015392541885375977
0.029297590255737305
0.028774738311767578
0.028583526611328125
0.020815372467041016
0.01606607437133789
0.014341592788696289
0.02821826934814453
0.015866994857788086
0.02816319465637207
0.009517192840576172
0.02857661247253418
0.018130064010620117
0.029026508331298828
0.029088258743286133
0.029316425323486328
0.017696619033813477
0.029500484466552734
0.02759575843811035
0.025685548782348633
0.026593446731567383
0.029160261154174805
0.023363828659057617
0.026975393295288086
0.028076887130737305
0.029517650604248047
0.02872490882873535
0.01710343360900879
0.029164791107177734
0.01639842987060547
0.029173612594604492
0.028333187103271484
0.024140596389770508
0.024983882904052734
0.015520334243774414
0.0290224552154541
0.013895511627197266
0.015597343444824219
0.016947269439697266
0.029415607452392578
0.016443729400634766
0.028222084045410156
0.027891159057617188
0.029065847396850586
0.028272390365600586
0.02625107765197754
0.02721405029296875
0.029466629028320312
0.016286849975585938
0.0167996883392334
0.015419960021972656
0.010521650314331055
0.014870882034301758
0.015894412994384766
0.02918839454650879
0.029094696044921875
0.028110742568969727
0.016198158264160156
0.0164639949798584
0.02868485450744629
0.02757406234741211
0.024179935455322266
0.028505325317382812
0.018612384796142578
0.02920985221862793
0.02462005615234375
0.0283963680267334
0.029195547103881836
0.019475936889648438
0.028733491897583008
0.02869701385498047
0.0219571590423584
0.028619050979614258
0.028675079345703125
0.018583059310913086
0.027804851531982422
0.028885364532470703
0.02858257293701172
0.028676271438598633
0.028873920440673828
0.028470516204833984
0.021172523498535156
0.028952836990356445
0.016012191772460938
0.028784990310668945
0.028146028518676758
0.02859330177307129
0.025821924209594727
0.028687238693237305
0.028550386428833008
0.0265505313873291
0.023187637329101562
0.019634008407592773
0.01783585548400879
0.01688981056213379
0.021340370178222656
0.017990589141845703
0.029746532440185547
0.025397777557373047
0.02474665641784668
0.017361879348754883
0.02974557876586914
0.026282787322998047
0.029569625854492188
0.029868125915527344
0.026462316513061523
0.029610395431518555
0.029122352600097656
0.029151201248168945
0.02952122688293457
0.028847455978393555
0.029251575469970703
0.01758408546447754
0.02947831153869629
0.030303478240966797
0.025050640106201172
0.026281356811523438
0.02940201759338379
0.02892899513244629
0.029147624969482422
0.021347522735595703
0.02644062042236328
0.027251243591308594
0.029628753662109375
0.029436826705932617
0.028614521026611328
0.02593088150024414
0.02486705780029297
0.028960227966308594
0.0223848819732666
0.02826237678527832
0.02966785430908203
0.028882980346679688
0.01021122932434082
0.026523590087890625
0.014652252197265625
0.01768660545349121
0.02234959602355957
0.0204617977142334
0.017516374588012695
0.020055294036865234
0.01973128318786621
0.0201265811920166
0.019433021545410156
0.020150184631347656
0.02048492431640625
0.016542434692382812
0.015816211700439453
0.015786170959472656
0.014396190643310547
0.01583552360534668
0.016071796417236328
0.017821073532104492
0.01632523536682129
0.015742063522338867
0.017681360244750977
0.01644754409790039
0.01615285873413086
0.017682552337646484
0.01658320426940918
0.016278505325317383
0.015694618225097656
0.01592111587524414
0.014857292175292969
0.018628597259521484
0.01503300666809082
0.015212297439575195
0.013719797134399414
0.014569997787475586
0.016105175018310547
0.016134023666381836
0.014371395111083984
0.014133930206298828
0.013755083084106445
0.01253509521484375
0.0129241943359375
0.01168203353881836
0.013091564178466797
0.015794992446899414
0.015971899032592773
0.029472827911376953
0.010896444320678711
0.015908002853393555
0.014848709106445312
0.014512777328491211
0.019217967987060547
0.01687145233154297
0.0167238712310791
0.01644158363342285
0.016475200653076172
0.017274856567382812
0.015177011489868164
0.016448974609375
0.013368368148803711
0.014758586883544922
0.01518869400024414
0.014424562454223633
0.009685754776000977
0.01625204086303711
0.016954421997070312
0.015845775604248047
0.014250516891479492
0.01467752456665039
0.01550745964050293
0.01706409454345703
0.013800621032714844
0.01626753807067871
0.014593362808227539
0.018622875213623047
0.014000892639160156
0.019337177276611328
0.014122724533081055
0.028461694717407227
0.028957366943359375
0.013761520385742188
0.020931005477905273
0.015117645263671875
0.021204471588134766
0.021095991134643555
0.021079301834106445
0.014814138412475586
0.021729230880737305
0.022546768188476562
0.02144598960876465
0.021439313888549805
0.020664453506469727
0.021416664123535156
0.022265911102294922
0.0206449031829834
0.022188425064086914
0.021695375442504883
0.015549898147583008
0.01743936538696289
0.02147388458251953
0.021677732467651367
0.02199697494506836
0.015449047088623047
0.018882274627685547
0.021927356719970703
0.02241802215576172
0.01824331283569336
0.015129327774047852
0.017975330352783203
0.016437530517578125
0.029320716857910156
0.017743349075317383
0.023603439331054688
0.028956174850463867
0.0217132568359375
0.02623462677001953
0.014413118362426758
0.01578497886657715
0.0168759822845459
0.016544103622436523
0.020160913467407227
0.022815227508544922
0.021799802780151367
0.02041029930114746
0.022664308547973633
0.01589512825012207
0.01608896255493164
0.018499135971069336
0.018402099609375
0.02018427848815918
0.0202789306640625
0.019777536392211914
0.01923537254333496
0.0173797607421875
0.01835179328918457
0.017801284790039062
0.017426252365112305
0.017795085906982422
0.017829418182373047
0.017156600952148438
0.018656015396118164
0.015455245971679688
0.029970884323120117
0.019022464752197266
0.018397092819213867
0.01926565170288086
0.020130395889282227
