16.05261206626892
17.95817255973816
16.879382610321045
17.760767221450806
15.419125318527222
15.990877389907837
19.982253074645996
14.579192876815796
18.834378004074097
17.944472312927246
13.566075325012207
16.590802907943726
14.781932353973389
14.525376558303833
18.452852725982666
16.601882696151733
16.18620729446411
19.353309631347656
15.906929731369019
15.123425483703613
14.955695629119873
15.468462705612183
17.781510829925537
24.44983673095703
19.81943440437317
15.15199089050293
16.585286617279053
25.241379261016846
20.924518823623657
16.852070093154907
15.98313593864441
21.02497625350952
24.520777463912964
16.78490114212036
22.599051475524902
18.60257053375244
19.476842880249023
20.339836597442627
25.91145944595337
25.38244652748108
21.924316883087158
15.947680711746216
23.53628969192505
14.987403154373169
17.752537965774536
17.296244144439697
14.86686897277832
22.30084776878357
16.571855306625366
29.02074408531189
19.030124187469482
19.529974460601807
17.93609857559204
22.56678795814514
18.448791027069092
19.664722442626953
17.391335487365723
19.121998071670532
19.462181568145752
19.676984786987305
18.118351697921753
17.07678461074829
14.972283601760864
21.725963354110718
20.303694009780884
19.14499044418335
18.99895739555359
20.240711450576782
15.954276084899902
19.434797525405884
22.487199306488037
17.68490171432495
23.56604766845703
16.760985136032104
18.61160635948181
15.507843255996704
19.616862297058105
14.945570230484009
19.826735496520996
18.738708972930908
23.47838521003723
18.82027244567871
22.883057594299316
24.742995262145996
23.92225456237793
25.600157976150513
18.96370005607605
23.754377365112305
21.291604042053223
23.59285593032837
19.162309885025024
29.936891555786133
17.892383337020874
22.188387632369995
23.137120246887207
21.212042808532715
31.437032461166382
17.300354957580566
21.761815547943115
17.105926036834717
28.719560384750366
20.02828335762024
15.074644804000854
16.729350328445435
18.551637649536133
16.37561798095703
16.215699195861816
18.233956813812256
17.99344539642334
22.268170833587646
25.002930164337158
14.516833543777466
16.16494107246399
24.594730138778687
22.82809352874756
16.528027296066284
24.0050687789917
17.849067211151123
24.953225135803223
26.011661529541016
19.129891872406006
19.715527534484863
20.769651412963867
17.465649843215942
24.849960565567017
15.052944898605347
19.73367691040039
19.799910068511963
17.005341053009033
18.074323892593384
19.976707696914673
19.388987064361572
24.238659858703613
20.139228582382202
19.075803995132446
19.80246639251709
19.810859441757202
29.198825120925903
21.04170274734497
18.4569091796875
19.595908164978027
16.69230842590332
20.940887212753296
20.085435390472412
17.224735260009766
23.5228431224823
20.665299654006958
21.048664331436157
21.141247272491455
19.698930025100708
24.21075701713562
26.23828148841858
16.678907871246338
17.74284076690674
23.174773931503296
16.711024045944214
18.662193775177002
15.78219723701477
21.750417947769165
17.37698268890381
29.485661268234253
22.587777376174927
20.814802408218384
15.956656217575073
14.726560831069946
16.8722927570343
16.784123182296753
15.9795560836792
20.538887977600098
19.058783054351807
24.473508834838867
21.86133885383606
23.16793727874756
18.876325845718384
22.39620590209961
23.85729432106018
20.968015670776367
22.986828327178955
18.881376266479492
22.06901788711548
17.647403478622437
16.545310020446777
16.776190757751465
25.177709102630615
22.28280282020569
19.323525428771973
17.093000411987305
29.63809561729431
16.23178458213806
14.350512981414795
15.706992149353027
17.97469973564148
17.405312061309814
17.518591165542603
23.94121742248535
17.808078289031982
18.654255628585815
25.108566284179688
18.410237312316895
18.308123350143433
17.05119299888611
19.295859575271606
17.484682321548462
22.266847372055054
18.987948417663574
26.40097403526306
19.57023310661316
20.13726830482483
19.95775270462036
16.770714044570923
21.001357078552246
22.292680501937866
20.984639644622803
19.38437294960022
19.436059951782227
22.528538703918457
19.433411836624146
23.886600971221924
23.051636934280396
21.37796926498413
22.2090163230896
27.257595777511597
23.59262180328369
20.894697189331055
25.002382278442383
17.048476219177246
18.719075918197632
19.25876522064209
25.669061183929443
24.150242567062378
25.968772172927856
21.288989305496216
21.13512897491455
20.280285835266113
21.212061882019043
20.97323441505432
27.329688787460327
17.33353590965271
18.259910821914673
18.606571435928345
23.649836540222168
27.267650842666626
21.38403081893921
28.107296466827393
17.689913988113403
16.056883335113525
19.075003623962402
15.83511757850647
21.504253149032593
25.960151433944702
21.49436855316162
21.08899974822998
22.425856590270996
22.515716552734375
24.55403423309326
26.29720950126648
21.370882987976074
18.632921934127808
24.553556442260742
15.95293927192688
27.287179708480835
16.367228984832764
24.796544313430786
29.066067218780518
30.72403120994568
19.106009483337402
32.78775644302368
30.80294680595398
19.072709798812866
20.738236665725708
32.90540313720703
25.222484827041626
18.372734546661377
24.249367237091064
15.860223770141602
18.935530424118042
18.958932161331177
18.753342628479004
20.16039729118347
19.048171997070312
17.912537574768066
17.08599543571472
16.32341194152832
20.67509889602661
20.847187280654907
22.419166088104248
25.675052642822266
19.231390953063965
17.233606576919556
19.737475395202637
15.789247512817383
16.257181882858276
16.733320713043213
25.95404314994812
18.295303106307983
23.39488196372986
17.526225328445435
19.870685815811157
19.694819927215576
31.93529987335205
22.539058923721313
23.357458114624023
25.594430923461914
24.424829959869385
17.91916513442993
21.695690870285034
24.679616928100586
24.640303134918213
17.29947805404663
23.344171047210693
18.927658081054688
23.781755685806274
21.101129055023193
24.580912113189697
34.23473238945007
17.62556505203247
23.45243000984192
16.500372648239136
20.897109270095825
21.971306324005127
19.802440643310547
17.90041160583496
22.147573471069336
23.23459219932556
22.982133150100708
22.996320247650146
23.928719520568848
21.703208684921265
25.51536250114441
26.710251808166504
25.149385452270508
19.875822067260742
22.07313370704651
21.027153253555298
21.11585021018982
22.83476448059082
23.01465129852295
28.23685932159424
28.353970289230347
28.377524614334106
21.424618005752563
22.03157687187195
21.843850135803223
27.34556007385254
23.992349863052368
23.30392599105835
25.61082887649536
19.758774757385254
26.583282947540283
16.014702558517456
28.324151754379272
24.41805863380432
31.897067308425903
27.29455327987671
24.773479461669922
18.938978672027588
28.21748399734497
32.341434478759766
34.1982364654541
17.247451782226562
18.93715000152588
22.415512084960938
18.568158388137817
20.524290084838867
16.011626482009888
23.99283456802368
17.861397981643677
18.059935808181763
24.237170696258545
26.755080699920654
24.0983784198761
27.00287127494812
22.974627256393433
21.120928287506104
24.729485988616943
27.182696104049683
21.774986505508423
17.206952810287476
24.142298936843872
24.991280555725098
26.68155074119568
15.635283470153809
31.452166080474854
24.16622257232666
17.163416624069214
20.69038462638855
29.006301403045654
19.90127730369568
19.138829708099365
22.918444871902466
21.83961772918701
19.47099232673645
21.614436149597168
20.532185792922974
22.123756408691406
18.348289489746094
19.889199256896973
19.63631010055542
18.89823842048645
16.779221773147583
22.200397968292236
17.160224676132202
17.316060543060303
19.60609483718872
14.996229410171509
23.09303379058838
27.115596771240234
21.75895118713379
16.89373469352722
17.827861547470093
23.693893909454346
21.610365867614746
25.5556058883667
25.20720863342285
26.817771196365356
22.862817764282227
25.760805130004883
21.986502408981323
25.399660110473633
24.672489404678345
26.47675633430481
25.75943088531494
23.93201184272766
24.675405979156494
21.06199288368225
22.313709259033203
18.832220792770386
34.77769351005554
25.45159077644348
21.126980781555176
24.44768261909485
20.889299392700195
24.046786546707153
22.7453670501709
28.69203805923462
20.160258054733276
25.125190496444702
21.57503604888916
18.452024698257446
19.669956922531128
22.557537317276
16.899562120437622
27.226258039474487
17.310149669647217
18.115173816680908
17.284717321395874
18.331629753112793
17.084437131881714
17.766531705856323
29.24701714515686
17.11442732810974
19.450600147247314
17.21360945701599
24.864177465438843
19.93043327331543
19.855358839035034
17.15450143814087
21.37353515625
20.943522930145264
23.411067962646484
22.913063526153564
21.436105966567993
21.496328592300415
20.3580379486084
13.20465350151062
18.907444953918457
24.094153881072998
19.49475121498108
15.214993715286255
18.775247812271118
31.883729934692383
17.058912992477417
22.562171697616577
21.975218057632446
19.960654973983765
14.624866485595703
14.156971454620361
20.638763666152954
22.45111894607544
14.889469146728516
26.377963066101074
26.770773887634277
17.07404851913452
15.794804811477661
16.058369159698486
34.164889097213745
14.481987953186035
30.94484519958496
27.52799677848816
18.13155746459961
28.405079126358032
19.2921199798584
15.380362510681152
16.693371057510376
18.281895637512207
22.845272541046143
26.747570037841797
21.490861177444458
21.014328718185425
20.7968327999115
22.47756600379944
22.173131465911865
26.209158182144165
23.109859228134155
22.033707857131958
25.66532278060913
24.34771990776062
18.86674976348877
19.25859045982361
18.967510223388672
24.3171124458313
20.90690279006958
23.295143127441406
18.72056007385254
22.6565899848938
18.013267040252686
20.529164791107178
23.034969568252563
20.262351989746094
18.376980304718018
17.40990948677063
18.121041774749756
19.567407608032227
21.98387908935547
20.172223806381226
21.189375162124634
24.480436325073242
30.144683361053467
13.432596683502197
19.0440936088562
17.165940761566162
22.622246503829956
22.3130202293396
22.729151248931885
22.124183177947998
15.98956298828125
